MEME version 4.4

ALPHABET= ACGT

strands: + -

Background letter frequencies (from uniform background):
A 0.25000 C 0.25000 G 0.25000 T 0.25000 

MOTIF V_MYOD_01 MyoD

letter-probability matrix: alength= 4 w= 12 nsites= 5 E= 0
  0.200000	  0.400000	  0.400000	  0.000000	
  0.400000	  0.200000	  0.400000	  0.000000	
  0.600000	  0.000000	  0.200000	  0.200000	
  0.000000	  1.000000	  0.000000	  0.000000	
  1.000000	  0.000000	  0.000000	  0.000000	
  0.000000	  0.000000	  0.800000	  0.200000	
  0.000000	  0.200000	  0.800000	  0.000000	
  0.000000	  0.000000	  0.000000	  1.000000	
  0.000000	  0.000000	  1.000000	  0.000000	
  0.000000	  0.200000	  0.400000	  0.400000	
  0.000000	  0.400000	  0.000000	  0.600000	
  0.200000	  0.000000	  0.600000	  0.200000	

MOTIF V_E47_01 E47

letter-probability matrix: alength= 4 w= 15 nsites= 11 E= 0
  0.363636	  0.363636	  0.272727	  0.000000	
  0.181818	  0.454545	  0.363636	  0.000000	
  0.272727	  0.181818	  0.363636	  0.181818	
  0.181818	  0.000000	  0.818182	  0.000000	
  0.000000	  1.000000	  0.000000	  0.000000	
  1.000000	  0.000000	  0.000000	  0.000000	
  0.000000	  0.000000	  1.000000	  0.000000	
  0.090909	  0.181818	  0.727273	  0.000000	
  0.000000	  0.000000	  0.000000	  1.000000	
  0.000000	  0.000000	  1.000000	  0.000000	
  0.000000	  0.000000	  0.363636	  0.636364	
  0.090909	  0.363636	  0.272727	  0.272727	
  0.090909	  0.545455	  0.181818	  0.181818	
  0.090909	  0.363636	  0.363636	  0.181818	
  0.100000	  0.400000	  0.200000	  0.300000	

MOTIF V_CMYB_01 c-Myb

letter-probability matrix: alength= 4 w= 18 nsites= 43 E= 0
  0.037037	  0.444444	  0.222222	  0.296296	
  0.222222	  0.555556	  0.185185	  0.037037	
  0.200000	  0.333333	  0.300000	  0.166667	
  0.421053	  0.131579	  0.368421	  0.078947	
  0.432432	  0.297297	  0.216216	  0.054054	
  0.183673	  0.326531	  0.163265	  0.326531	
  0.156863	  0.078431	  0.666667	  0.098039	
  0.392157	  0.019608	  0.490196	  0.098039	
  0.066667	  0.816667	  0.033333	  0.083333	
  0.300000	  0.300000	  0.333333	  0.066667	
  0.000000	  0.000000	  1.000000	  0.000000	
  0.000000	  0.000000	  0.000000	  1.000000	
  0.000000	  0.000000	  0.000000	  1.000000	
  0.183333	  0.016667	  0.783333	  0.016667	
  0.157895	  0.157895	  0.552632	  0.131579	
  0.029412	  0.205882	  0.441176	  0.323529	
  0.100000	  0.100000	  0.600000	  0.200000	
  0.076923	  0.000000	  0.846154	  0.076923	

MOTIF V_AP4_01 AP-4

letter-probability matrix: alength= 4 w= 18 nsites= 5 E= 0
  0.600000	  0.000000	  0.000000	  0.400000	
  0.200000	  0.200000	  0.600000	  0.000000	
  0.600000	  0.200000	  0.200000	  0.000000	
  0.400000	  0.200000	  0.400000	  0.000000	
  0.200000	  0.400000	  0.000000	  0.400000	
  0.000000	  1.000000	  0.000000	  0.000000	
  1.000000	  0.000000	  0.000000	  0.000000	
  0.000000	  0.000000	  1.000000	  0.000000	
  0.000000	  1.000000	  0.000000	  0.000000	
  0.000000	  0.000000	  0.200000	  0.800000	
  0.000000	  0.200000	  0.800000	  0.000000	
  0.000000	  0.400000	  0.200000	  0.400000	
  0.200000	  0.000000	  0.600000	  0.200000	
  0.000000	  0.000000	  1.000000	  0.000000	
  0.200000	  0.200000	  0.200000	  0.400000	
  0.200000	  0.800000	  0.000000	  0.000000	
  0.400000	  0.200000	  0.200000	  0.200000	
  0.000000	  0.000000	  0.600000	  0.400000	

MOTIF V_MEF2_01 MEF-2

letter-probability matrix: alength= 4 w= 16 nsites= 5 E= 0
  0.000000	  0.600000	  0.200000	  0.200000	
  0.000000	  0.000000	  0.200000	  0.800000	
  0.000000	  0.800000	  0.000000	  0.200000	
  0.000000	  0.000000	  0.000000	  1.000000	
  1.000000	  0.000000	  0.000000	  0.000000	
  1.000000	  0.000000	  0.000000	  0.000000	
  1.000000	  0.000000	  0.000000	  0.000000	
  1.000000	  0.000000	  0.000000	  0.000000	
  1.000000	  0.000000	  0.000000	  0.000000	
  0.000000	  0.000000	  0.000000	  1.000000	
  1.000000	  0.000000	  0.000000	  0.000000	
  1.000000	  0.000000	  0.000000	  0.000000	
  0.000000	  1.000000	  0.000000	  0.000000	
  0.000000	  0.400000	  0.000000	  0.600000	
  0.000000	  0.800000	  0.000000	  0.200000	
  0.000000	  0.400000	  0.000000	  0.600000	

MOTIF V_ELK1_01 Elk-1

letter-probability matrix: alength= 4 w= 16 nsites= 4 E= 0
  0.250000	  0.250000	  0.250000	  0.250000	
  0.500000	  0.000000	  0.250000	  0.250000	
  0.500000	  0.250000	  0.250000	  0.000000	
  0.750000	  0.000000	  0.250000	  0.000000	
  0.000000	  0.750000	  0.250000	  0.000000	
  0.500000	  0.500000	  0.000000	  0.000000	
  0.000000	  0.000000	  1.000000	  0.000000	
  0.000000	  0.000000	  1.000000	  0.000000	
  1.000000	  0.000000	  0.000000	  0.000000	
  0.750000	  0.000000	  0.000000	  0.250000	
  0.000000	  0.000000	  1.000000	  0.000000	
  0.000000	  0.250000	  0.000000	  0.750000	
  0.250000	  0.250000	  0.250000	  0.250000	
  0.250000	  0.750000	  0.000000	  0.000000	
  0.250000	  0.250000	  0.500000	  0.000000	
  0.250000	  0.250000	  0.000000	  0.500000	

MOTIF V_SP1_01 Sp1

letter-probability matrix: alength= 4 w= 10 nsites= 11 E= 0
  0.181818	  0.090909	  0.545455	  0.181818	
  0.272727	  0.090909	  0.545455	  0.090909	
  0.000000	  0.000000	  1.000000	  0.000000	
  0.000000	  0.000000	  1.000000	  0.000000	
  0.000000	  0.727273	  0.181818	  0.090909	
  0.272727	  0.000000	  0.545455	  0.181818	
  0.000000	  0.090909	  0.636364	  0.272727	
  0.090909	  0.000000	  0.727273	  0.181818	
  0.090909	  0.181818	  0.636364	  0.090909	
  0.272727	  0.181818	  0.000000	  0.545455	

MOTIF V_EVI1_06 Evi-1

letter-probability matrix: alength= 4 w= 9 nsites= 16 E= 0
  1.000000	  0.000000	  0.000000	  0.000000	
  0.000000	  1.000000	  0.000000	  0.000000	
  0.937500	  0.000000	  0.000000	  0.062500	
  1.000000	  0.000000	  0.000000	  0.000000	
  0.000000	  0.000000	  1.000000	  0.000000	
  1.000000	  0.000000	  0.000000	  0.000000	
  0.000000	  0.000000	  0.000000	  1.000000	
  0.937500	  0.000000	  0.000000	  0.062500	
  0.750000	  0.062500	  0.187500	  0.000000	

MOTIF V_ATF_01 ATF

letter-probability matrix: alength= 4 w= 14 nsites= 25 E= 0
  0.200000	  0.560000	  0.080000	  0.160000	
  0.080000	  0.240000	  0.320000	  0.360000	
  0.120000	  0.400000	  0.400000	  0.080000	
  0.000000	  0.000000	  0.000000	  1.000000	
  0.000000	  0.000000	  1.000000	  0.000000	
  1.000000	  0.000000	  0.000000	  0.000000	
  0.000000	  1.000000	  0.000000	  0.000000	
  0.000000	  0.000000	  1.000000	  0.000000	
  0.160000	  0.080000	  0.040000	  0.720000	
  0.280000	  0.440000	  0.120000	  0.160000	
  0.360000	  0.040000	  0.280000	  0.320000	
  0.240000	  0.280000	  0.280000	  0.200000	
  0.040000	  0.440000	  0.160000	  0.360000	
  0.080000	  0.520000	  0.200000	  0.200000	

MOTIF V_HOX13_01 Hox-1.3

letter-probability matrix: alength= 4 w= 30 nsites= 10 E= 0
  0.100000	  0.200000	  0.100000	  0.600000	
  0.000000	  0.200000	  0.700000	  0.100000	
  0.100000	  0.700000	  0.100000	  0.100000	
  0.300000	  0.400000	  0.100000	  0.200000	
  0.400000	  0.300000	  0.000000	  0.300000	
  0.400000	  0.200000	  0.100000	  0.300000	
  0.100000	  0.500000	  0.200000	  0.200000	
  0.300000	  0.200000	  0.000000	  0.500000	
  0.100000	  0.400000	  0.100000	  0.400000	
  0.100000	  0.900000	  0.000000	  0.000000	
  0.100000	  0.600000	  0.100000	  0.200000	
  0.100000	  0.500000	  0.000000	  0.400000	
  0.200000	  0.700000	  0.000000	  0.100000	
  1.000000	  0.000000	  0.000000	  0.000000	
  0.000000	  0.000000	  0.000000	  1.000000	
  0.000000	  0.000000	  0.000000	  1.000000	
  1.000000	  0.000000	  0.000000	  0.000000	
  0.000000	  0.200000	  0.500000	  0.300000	
  0.000000	  0.200000	  0.000000	  0.800000	
  0.200000	  0.200000	  0.500000	  0.100000	
  0.200000	  0.300000	  0.300000	  0.200000	
  0.300000	  0.000000	  0.300000	  0.400000	
  0.200000	  0.500000	  0.100000	  0.200000	
  0.300000	  0.200000	  0.400000	  0.100000	
  0.400000	  0.400000	  0.100000	  0.100000	
  0.200000	  0.400000	  0.300000	  0.100000	
  0.300000	  0.300000	  0.000000	  0.400000	
  0.100000	  0.500000	  0.000000	  0.400000	
  0.100000	  0.700000	  0.100000	  0.100000	
  0.400000	  0.200000	  0.200000	  0.200000	

MOTIF V_E2F_01 E2F

letter-probability matrix: alength= 4 w= 15 nsites= 5 E= 0
  0.200000	  0.000000	  0.000000	  0.800000	
  0.400000	  0.200000	  0.000000	  0.400000	
  0.200000	  0.400000	  0.400000	  0.000000	
  0.000000	  0.200000	  0.800000	  0.000000	
  0.000000	  1.000000	  0.000000	  0.000000	
  0.000000	  0.000000	  1.000000	  0.000000	
  0.000000	  0.800000	  0.200000	  0.000000	
  0.000000	  0.000000	  1.000000	  0.000000	
  1.000000	  0.000000	  0.000000	  0.000000	
  1.000000	  0.000000	  0.000000	  0.000000	
  1.000000	  0.000000	  0.000000	  0.000000	
  1.000000	  0.000000	  0.000000	  0.000000	
  0.200000	  0.400000	  0.000000	  0.400000	
  0.000000	  0.000000	  0.400000	  0.600000	
  0.400000	  0.000000	  0.600000	  0.000000	

MOTIF V_ELK1_02 Elk-1

letter-probability matrix: alength= 4 w= 14 nsites= 31 E= 0
  0.129032	  0.387097	  0.161290	  0.322581	
  0.161290	  0.387097	  0.258065	  0.193548	
  0.354839	  0.290323	  0.193548	  0.161290	
  0.387097	  0.096774	  0.354839	  0.161290	
  0.193548	  0.645161	  0.096774	  0.064516	
  0.161290	  0.741935	  0.064516	  0.032258	
  0.000000	  0.000000	  1.000000	  0.000000	
  0.000000	  0.000000	  1.000000	  0.000000	
  1.000000	  0.000000	  0.000000	  0.000000	
  0.870968	  0.000000	  0.000000	  0.129032	
  0.290323	  0.129032	  0.548387	  0.032258	
  0.064516	  0.258065	  0.161290	  0.516129	
  0.258065	  0.290323	  0.225806	  0.225806	
  0.258065	  0.354839	  0.193548	  0.193548	

MOTIF V_RSRFC4_01 RSRFC4

letter-probability matrix: alength= 4 w= 16 nsites= 38 E= 0
  0.447368	  0.105263	  0.315789	  0.131579	
  0.263158	  0.052632	  0.342105	  0.342105	
  0.078947	  0.078947	  0.315789	  0.526316	
  0.000000	  0.921053	  0.000000	  0.078947	
  0.000000	  0.000000	  0.000000	  1.000000	
  1.000000	  0.000000	  0.000000	  0.000000	
  0.026316	  0.000000	  0.000000	  0.973684	
  0.131579	  0.000000	  0.000000	  0.868421	
  0.210526	  0.000000	  0.000000	  0.789474	
  0.605263	  0.000000	  0.000000	  0.394737	
  0.000000	  0.000000	  0.000000	  1.000000	
  1.000000	  0.000000	  0.000000	  0.000000	
  0.105263	  0.026316	  0.868421	  0.000000	
  0.368421	  0.526316	  0.000000	  0.105263	
  0.315789	  0.157895	  0.052632	  0.473684	
  0.131579	  0.236842	  0.131579	  0.500000	

MOTIF V_P300_01 p300

letter-probability matrix: alength= 4 w= 14 nsites= 15 E= 0
  0.300000	  0.100000	  0.300000	  0.300000	
  0.250000	  0.416667	  0.166667	  0.166667	
  0.384615	  0.230769	  0.307692	  0.076923	
  0.266667	  0.066667	  0.533333	  0.133333	
  0.125000	  0.000000	  0.875000	  0.000000	
  0.125000	  0.062500	  0.625000	  0.187500	
  0.812500	  0.062500	  0.062500	  0.062500	
  0.000000	  0.062500	  0.875000	  0.062500	
  0.062500	  0.000000	  0.000000	  0.937500	
  0.187500	  0.062500	  0.500000	  0.250000	
  0.312500	  0.250000	  0.187500	  0.250000	
  0.187500	  0.187500	  0.437500	  0.187500	
  0.266667	  0.266667	  0.133333	  0.333333	
  0.071429	  0.357143	  0.428571	  0.142857	

MOTIF V_P53_01 p53

letter-probability matrix: alength= 4 w= 20 nsites= 17 E= 0
  0.235294	  0.000000	  0.764706	  0.000000	
  0.294118	  0.000000	  0.705882	  0.000000	
  0.882353	  0.000000	  0.117647	  0.000000	
  0.000000	  1.000000	  0.000000	  0.000000	
  1.000000	  0.000000	  0.000000	  0.000000	
  0.000000	  0.000000	  0.000000	  1.000000	
  0.000000	  0.000000	  1.000000	  0.000000	
  0.000000	  0.764706	  0.000000	  0.235294	
  0.000000	  1.000000	  0.000000	  0.000000	
  0.000000	  1.000000	  0.000000	  0.000000	
  0.000000	  0.000000	  1.000000	  0.000000	
  0.000000	  0.000000	  1.000000	  0.000000	
  0.117647	  0.000000	  0.882353	  0.000000	
  0.000000	  1.000000	  0.000000	  0.000000	
  1.000000	  0.000000	  0.000000	  0.000000	
  0.000000	  0.000000	  0.000000	  1.000000	
  0.000000	  0.000000	  1.000000	  0.000000	
  0.000000	  0.117647	  0.000000	  0.882353	
  0.000000	  0.764706	  0.000000	  0.235294	
  0.000000	  0.437500	  0.125000	  0.437500	

MOTIF V_NFE2_01 NF-E2

letter-probability matrix: alength= 4 w= 11 nsites= 9 E= 0
  0.222222	  0.222222	  0.000000	  0.555556	
  0.222222	  0.000000	  0.777778	  0.000000	
  0.111111	  0.888889	  0.000000	  0.000000	
  0.000000	  0.000000	  0.000000	  1.000000	
  0.000000	  0.000000	  1.000000	  0.000000	
  1.000000	  0.000000	  0.000000	  0.000000	
  0.000000	  0.333333	  0.666667	  0.000000	
  0.000000	  0.000000	  0.111111	  0.888889	
  0.000000	  0.888889	  0.000000	  0.111111	
  0.888889	  0.111111	  0.000000	  0.000000	
  0.111111	  0.444444	  0.000000	  0.444444	

MOTIF V_CREB_01 CREB

letter-probability matrix: alength= 4 w= 8 nsites= 29 E= 0
  0.000000	  0.000000	  0.000000	  1.000000	
  0.000000	  0.000000	  0.965517	  0.034483	
  1.000000	  0.000000	  0.000000	  0.000000	
  0.000000	  1.000000	  0.000000	  0.000000	
  0.000000	  0.034483	  0.965517	  0.000000	
  0.000000	  0.034483	  0.034483	  0.931034	
  0.413793	  0.551724	  0.034483	  0.000000	
  0.586207	  0.034483	  0.137931	  0.241379	

MOTIF V_CREBP1_01 CRE-BP1

letter-probability matrix: alength= 4 w= 8 nsites= 47 E= 0
  0.000000	  0.000000	  0.000000	  1.000000	
  0.000000	  0.000000	  0.170213	  0.829787	
  1.000000	  0.000000	  0.000000	  0.000000	
  0.000000	  1.000000	  0.000000	  0.000000	
  0.085106	  0.000000	  0.914894	  0.000000	
  0.000000	  0.000000	  0.000000	  1.000000	
  0.829787	  0.148936	  0.000000	  0.021277	
  0.957447	  0.042553	  0.000000	  0.000000	

MOTIF V_CREBP1CJUN_01 CRE-BP1:c-Jun

letter-probability matrix: alength= 4 w= 8 nsites= 43 E= 0
  0.000000	  0.023256	  0.000000	  0.976744	
  0.046512	  0.000000	  0.953488	  0.000000	
  1.000000	  0.000000	  0.000000	  0.000000	
  0.000000	  1.000000	  0.000000	  0.000000	
  0.046512	  0.023256	  0.930233	  0.000000	
  0.000000	  0.000000	  0.000000	  1.000000	
  0.000000	  0.465116	  0.069767	  0.465116	
  0.930233	  0.023256	  0.000000	  0.046512	

MOTIF V_E4BP4_01 E4BP4

letter-probability matrix: alength= 4 w= 12 nsites= 23 E= 0
  0.260870	  0.391304	  0.130435	  0.217391	
  0.391304	  0.130435	  0.478261	  0.000000	
  0.043478	  0.000000	  0.000000	  0.956522	
  0.000000	  0.000000	  0.086957	  0.913043	
  1.000000	  0.000000	  0.000000	  0.000000	
  0.000000	  0.347826	  0.000000	  0.652174	
  0.043478	  0.000000	  0.956522	  0.000000	
  0.000000	  0.000000	  0.000000	  1.000000	
  1.000000	  0.000000	  0.000000	  0.000000	
  1.000000	  0.000000	  0.000000	  0.000000	
  0.000000	  0.478261	  0.173913	  0.347826	
  0.304348	  0.173913	  0.347826	  0.173913	

MOTIF V_E2F_02 E2F

letter-probability matrix: alength= 4 w= 8 nsites= 12 E= 0
  0.000000	  0.000000	  0.000000	  1.000000	
  0.000000	  0.000000	  0.000000	  1.000000	
  0.000000	  0.000000	  0.000000	  1.000000	
  0.000000	  0.500000	  0.500000	  0.000000	
  0.000000	  0.166667	  0.833333	  0.000000	
  0.000000	  1.000000	  0.000000	  0.000000	
  0.000000	  0.000000	  1.000000	  0.000000	
  0.000000	  0.916667	  0.083333	  0.000000	

MOTIF V_NFKAPPAB50_01 NF-kappaB_(p50)

letter-probability matrix: alength= 4 w= 10 nsites= 18 E= 0
  0.000000	  0.000000	  1.000000	  0.000000	
  0.000000	  0.000000	  1.000000	  0.000000	
  0.000000	  0.000000	  1.000000	  0.000000	
  0.111111	  0.000000	  0.888889	  0.000000	
  0.888889	  0.055556	  0.000000	  0.055556	
  0.000000	  0.000000	  0.166667	  0.833333	
  0.000000	  0.388889	  0.055556	  0.555556	
  0.000000	  0.888889	  0.000000	  0.111111	
  0.000000	  1.000000	  0.000000	  0.000000	
  0.000000	  0.944444	  0.055556	  0.000000	

MOTIF V_NFKAPPAB65_01 NF-kappaB_(p65)

letter-probability matrix: alength= 4 w= 10 nsites= 18 E= 0
  0.000000	  0.222222	  0.555556	  0.222222	
  0.000000	  0.000000	  1.000000	  0.000000	
  0.000000	  0.000000	  1.000000	  0.000000	
  0.611111	  0.000000	  0.388889	  0.000000	
  0.555556	  0.166667	  0.166667	  0.111111	
  0.111111	  0.000000	  0.000000	  0.888889	
  0.000000	  0.000000	  0.000000	  1.000000	
  0.000000	  0.166667	  0.000000	  0.833333	
  0.000000	  1.000000	  0.000000	  0.000000	
  0.000000	  1.000000	  0.000000	  0.000000	

MOTIF V_CREL_01 c-Rel

letter-probability matrix: alength= 4 w= 10 nsites= 17 E= 0
  0.000000	  0.294118	  0.470588	  0.235294	
  0.000000	  0.000000	  0.941176	  0.058824	
  0.058824	  0.000000	  0.882353	  0.058824	
  0.294118	  0.058824	  0.529412	  0.117647	
  0.352941	  0.294118	  0.176471	  0.176471	
  0.294118	  0.058824	  0.058824	  0.588235	
  0.058824	  0.000000	  0.000000	  0.941176	
  0.117647	  0.000000	  0.000000	  0.882353	
  0.000000	  0.882353	  0.000000	  0.117647	
  0.058824	  0.941176	  0.000000	  0.000000	

MOTIF V_NFKAPPAB_01 NF-kappaB

letter-probability matrix: alength= 4 w= 10 nsites= 40 E= 0
  0.000000	  0.000000	  1.000000	  0.000000	
  0.000000	  0.000000	  1.000000	  0.000000	
  0.025000	  0.000000	  0.975000	  0.000000	
  0.675000	  0.000000	  0.325000	  0.000000	
  0.525000	  0.325000	  0.025000	  0.125000	
  0.200000	  0.025000	  0.075000	  0.700000	
  0.025000	  0.050000	  0.050000	  0.875000	
  0.050000	  0.450000	  0.000000	  0.500000	
  0.075000	  0.900000	  0.000000	  0.025000	
  0.000000	  0.950000	  0.000000	  0.050000	

MOTIF V_MYOGNF1_01 myogenin_/_NF-1

letter-probability matrix: alength= 4 w= 29 nsites= 8 E= 0
  0.125000	  0.625000	  0.000000	  0.250000	
  0.625000	  0.000000	  0.375000	  0.000000	
  0.000000	  0.500000	  0.375000	  0.125000	
  0.125000	  0.750000	  0.000000	  0.125000	
  0.125000	  0.125000	  0.125000	  0.625000	
  0.000000	  0.250000	  0.625000	  0.125000	
  0.000000	  0.125000	  0.000000	  0.875000	
  0.000000	  0.250000	  0.250000	  0.500000	
  0.000000	  0.375000	  0.250000	  0.375000	
  0.375000	  0.125000	  0.125000	  0.375000	
  0.375000	  0.125000	  0.250000	  0.250000	
  0.250000	  0.000000	  0.125000	  0.625000	
  0.000000	  0.250000	  0.000000	  0.750000	
  0.000000	  0.000000	  0.125000	  0.875000	
  0.000000	  0.000000	  0.875000	  0.125000	
  0.000000	  0.000000	  1.000000	  0.000000	
  0.142857	  0.714286	  0.000000	  0.142857	
  0.625000	  0.000000	  0.250000	  0.125000	
  0.125000	  0.625000	  0.125000	  0.125000	
  0.000000	  0.250000	  0.500000	  0.250000	
  0.000000	  0.375000	  0.500000	  0.125000	
  0.375000	  0.125000	  0.125000	  0.375000	
  0.000000	  0.125000	  0.875000	  0.000000	
  0.000000	  0.875000	  0.000000	  0.125000	
  0.125000	  0.875000	  0.000000	  0.000000	
  0.750000	  0.000000	  0.125000	  0.125000	
  0.500000	  0.000000	  0.375000	  0.125000	
  0.125000	  0.500000	  0.125000	  0.250000	
  0.375000	  0.250000	  0.000000	  0.375000	

MOTIF V_YY1_01 YY1

letter-probability matrix: alength= 4 w= 17 nsites= 18 E= 0
  0.166667	  0.222222	  0.333333	  0.277778	
  0.388889	  0.277778	  0.277778	  0.055556	
  0.333333	  0.166667	  0.166667	  0.333333	
  0.166667	  0.388889	  0.277778	  0.166667	
  0.333333	  0.111111	  0.222222	  0.333333	
  0.055556	  0.722222	  0.055556	  0.166667	
  0.000000	  1.000000	  0.000000	  0.000000	
  0.944444	  0.055556	  0.000000	  0.000000	
  0.000000	  0.000000	  0.111111	  0.888889	
  0.277778	  0.166667	  0.166667	  0.388889	
  0.055556	  0.111111	  0.111111	  0.722222	
  0.333333	  0.111111	  0.055556	  0.500000	
  0.166667	  0.222222	  0.277778	  0.333333	
  0.222222	  0.222222	  0.333333	  0.222222	
  0.333333	  0.222222	  0.333333	  0.111111	
  0.500000	  0.111111	  0.111111	  0.277778	
  0.166667	  0.333333	  0.277778	  0.222222	

MOTIF V_IRF1_01 IRF-1

letter-probability matrix: alength= 4 w= 13 nsites= 20 E= 0
  0.000000	  0.380952	  0.571429	  0.047619	
  1.000000	  0.000000	  0.000000	  0.000000	
  1.000000	  0.000000	  0.000000	  0.000000	
  0.952381	  0.000000	  0.000000	  0.047619	
  1.000000	  0.000000	  0.000000	  0.000000	
  0.055556	  0.222222	  0.666667	  0.055556	
  0.000000	  0.476190	  0.000000	  0.523810	
  0.050000	  0.000000	  0.950000	  0.000000	
  1.000000	  0.000000	  0.000000	  0.000000	
  0.952381	  0.047619	  0.000000	  0.000000	
  1.000000	  0.000000	  0.000000	  0.000000	
  0.047619	  0.666667	  0.285714	  0.000000	
  0.047619	  0.619048	  0.047619	  0.285714	

MOTIF V_TAL1BETAE47_01 Tal-1beta:E47

letter-probability matrix: alength= 4 w= 16 nsites= 100 E= 0
  0.230000	  0.350000	  0.280000	  0.140000	
  0.150000	  0.300000	  0.230000	  0.320000	
  0.140000	  0.230000	  0.440000	  0.190000	
  0.660000	  0.090000	  0.140000	  0.110000	
  0.610000	  0.300000	  0.030000	  0.060000	
  0.000000	  1.000000	  0.000000	  0.000000	
  1.000000	  0.000000	  0.000000	  0.000000	
  0.000000	  0.000000	  1.000000	  0.000000	
  0.860000	  0.010000	  0.100000	  0.030000	
  0.000000	  0.000000	  0.000000	  1.000000	
  0.000000	  0.000000	  1.000000	  0.000000	
  0.010000	  0.030000	  0.610000	  0.350000	
  0.030000	  0.170000	  0.010000	  0.790000	
  0.200000	  0.430000	  0.170000	  0.200000	
  0.270000	  0.230000	  0.310000	  0.190000	
  0.230000	  0.260000	  0.320000	  0.190000	

MOTIF V_TAL1ALPHAE47_01 Tal-1alpha:E47

letter-probability matrix: alength= 4 w= 16 nsites= 100 E= 0
  0.180000	  0.100000	  0.350000	  0.370000	
  0.140000	  0.400000	  0.170000	  0.290000	
  0.120000	  0.260000	  0.410000	  0.210000	
  0.590000	  0.080000	  0.270000	  0.060000	
  0.650000	  0.260000	  0.090000	  0.000000	
  0.000000	  1.000000	  0.000000	  0.000000	
  1.000000	  0.000000	  0.000000	  0.000000	
  0.000000	  0.000000	  0.959596	  0.040404	
  0.860000	  0.060000	  0.080000	  0.000000	
  0.000000	  0.000000	  0.000000	  1.000000	
  0.000000	  0.000000	  1.000000	  0.000000	
  0.010000	  0.030000	  0.560000	  0.400000	
  0.000000	  0.170000	  0.040000	  0.790000	
  0.190000	  0.340000	  0.350000	  0.120000	
  0.340000	  0.240000	  0.190000	  0.230000	
  0.170000	  0.390000	  0.300000	  0.140000	

MOTIF V_YY1_02 YY1

letter-probability matrix: alength= 4 w= 20 nsites= 11 E= 0
  0.181818	  0.363636	  0.181818	  0.272727	
  0.181818	  0.454545	  0.181818	  0.181818	
  0.181818	  0.181818	  0.363636	  0.272727	
  0.090909	  0.636364	  0.272727	  0.000000	
  0.090909	  0.181818	  0.545455	  0.181818	
  0.181818	  0.000000	  0.818182	  0.000000	
  0.000000	  1.000000	  0.000000	  0.000000	
  0.000000	  1.000000	  0.000000	  0.000000	
  1.000000	  0.000000	  0.000000	  0.000000	
  0.000000	  0.000000	  0.000000	  1.000000	
  0.000000	  0.727273	  0.181818	  0.090909	
  0.090909	  0.090909	  0.090909	  0.727273	
  0.181818	  0.000000	  0.181818	  0.636364	
  0.000000	  0.272727	  0.636364	  0.090909	
  0.181818	  0.181818	  0.363636	  0.272727	
  0.181818	  0.545455	  0.090909	  0.181818	
  0.090909	  0.090909	  0.090909	  0.727273	
  0.090909	  0.363636	  0.454545	  0.090909	
  0.181818	  0.363636	  0.272727	  0.181818	
  0.363636	  0.000000	  0.181818	  0.454545	

MOTIF V_TAL1BETAITF2_01 Tal-1beta:ITF-2

letter-probability matrix: alength= 4 w= 16 nsites= 100 E= 0
  0.100000	  0.320000	  0.430000	  0.150000	
  0.120000	  0.280000	  0.350000	  0.250000	
  0.190000	  0.230000	  0.370000	  0.210000	
  0.740000	  0.000000	  0.140000	  0.120000	
  0.720000	  0.210000	  0.050000	  0.020000	
  0.000000	  1.000000	  0.000000	  0.000000	
  1.000000	  0.000000	  0.000000	  0.000000	
  0.000000	  0.000000	  0.980000	  0.020000	
  0.950000	  0.020000	  0.030000	  0.000000	
  0.000000	  0.000000	  0.000000	  1.000000	
  0.000000	  0.000000	  1.000000	  0.000000	
  0.000000	  0.030000	  0.630000	  0.340000	
  0.000000	  0.300000	  0.000000	  0.700000	
  0.170000	  0.390000	  0.200000	  0.240000	
  0.250000	  0.210000	  0.140000	  0.400000	
  0.160000	  0.350000	  0.260000	  0.230000	

MOTIF V_E47_02 E47

letter-probability matrix: alength= 4 w= 16 nsites= 100 E= 0
  0.414141	  0.242424	  0.171717	  0.171717	
  0.310000	  0.240000	  0.140000	  0.310000	
  0.170000	  0.170000	  0.300000	  0.360000	
  0.500000	  0.260000	  0.070000	  0.170000	
  0.500000	  0.140000	  0.330000	  0.030000	
  0.000000	  1.000000	  0.000000	  0.000000	
  1.000000	  0.000000	  0.000000	  0.000000	
  0.000000	  0.050000	  0.920000	  0.030000	
  0.000000	  0.160000	  0.840000	  0.000000	
  0.000000	  0.000000	  0.000000	  1.000000	
  0.000000	  0.000000	  1.000000	  0.000000	
  0.000000	  0.240000	  0.130000	  0.630000	
  0.200000	  0.030000	  0.080000	  0.690000	
  0.340000	  0.460000	  0.110000	  0.090000	
  0.340000	  0.270000	  0.240000	  0.150000	
  0.250000	  0.370000	  0.220000	  0.160000	

MOTIF V_GATA2_01 GATA-2

letter-probability matrix: alength= 4 w= 10 nsites= 53 E= 0
  0.113208	  0.301887	  0.339623	  0.245283	
  0.283019	  0.339623	  0.339623	  0.037736	
  0.245283	  0.226415	  0.339623	  0.188679	
  0.000000	  0.075472	  0.924528	  0.000000	
  0.981132	  0.000000	  0.000000	  0.018868	
  0.000000	  0.018868	  0.000000	  0.981132	
  0.509434	  0.113208	  0.264151	  0.113208	
  0.132075	  0.245283	  0.433962	  0.188679	
  0.094340	  0.377358	  0.283019	  0.245283	
  0.132075	  0.245283	  0.358491	  0.264151	

MOTIF V_GATA3_01 GATA-3

letter-probability matrix: alength= 4 w= 9 nsites= 63 E= 0
  0.253968	  0.222222	  0.380952	  0.142857	
  0.412698	  0.206349	  0.142857	  0.238095	
  0.000000	  0.000000	  1.000000	  0.000000	
  0.984127	  0.000000	  0.000000	  0.015873	
  0.015873	  0.000000	  0.047619	  0.936508	
  0.555556	  0.031746	  0.158730	  0.253968	
  0.269841	  0.079365	  0.523810	  0.126984	
  0.158730	  0.174603	  0.412698	  0.253968	
  0.238095	  0.111111	  0.539683	  0.111111	

MOTIF V_MZF1_01 MZF1

letter-probability matrix: alength= 4 w= 8 nsites= 20 E= 0
  0.400000	  0.150000	  0.300000	  0.150000	
  0.200000	  0.100000	  0.550000	  0.150000	
  0.150000	  0.150000	  0.250000	  0.450000	
  0.000000	  0.000000	  1.000000	  0.000000	
  0.050000	  0.000000	  0.900000	  0.050000	
  0.000000	  0.000000	  0.950000	  0.050000	
  0.000000	  0.000000	  1.000000	  0.000000	
  0.900000	  0.050000	  0.050000	  0.000000	

MOTIF V_MZF1_02 MZF1

letter-probability matrix: alength= 4 w= 13 nsites= 16 E= 0
  0.125000	  0.062500	  0.437500	  0.375000	
  0.187500	  0.125000	  0.437500	  0.250000	
  0.250000	  0.062500	  0.500000	  0.187500	
  0.125000	  0.250000	  0.250000	  0.375000	
  0.000000	  0.000000	  0.625000	  0.375000	
  0.812500	  0.000000	  0.187500	  0.000000	
  0.062500	  0.000000	  0.750000	  0.187500	
  0.000000	  0.000000	  0.937500	  0.062500	
  0.062500	  0.062500	  0.875000	  0.000000	
  0.062500	  0.000000	  0.812500	  0.125000	
  0.187500	  0.250000	  0.437500	  0.125000	
  0.687500	  0.000000	  0.125000	  0.187500	
  0.625000	  0.187500	  0.125000	  0.062500	

MOTIF V_ZID_01 ZID

letter-probability matrix: alength= 4 w= 13 nsites= 35 E= 0
  0.085714	  0.342857	  0.257143	  0.314286	
  0.057143	  0.142857	  0.800000	  0.000000	
  0.028571	  0.000000	  0.885714	  0.085714	
  0.000000	  1.000000	  0.000000	  0.000000	
  0.028571	  0.000000	  0.000000	  0.971429	
  0.000000	  1.000000	  0.000000	  0.000000	
  0.085714	  0.428571	  0.028571	  0.457143	
  0.914286	  0.028571	  0.028571	  0.028571	
  0.000000	  0.085714	  0.228571	  0.685714	
  0.028571	  0.657143	  0.200000	  0.114286	
  0.657143	  0.000000	  0.200000	  0.142857	
  0.000000	  0.428571	  0.000000	  0.571429	
  0.114286	  0.742857	  0.057143	  0.085714	

MOTIF V_CDP_01 CDP

letter-probability matrix: alength= 4 w= 12 nsites= 18 E= 0
  0.055556	  0.888889	  0.000000	  0.055556	
  0.000000	  0.944444	  0.000000	  0.055556	
  0.944444	  0.000000	  0.000000	  0.055556	
  0.944444	  0.055556	  0.000000	  0.000000	
  0.000000	  0.000000	  0.000000	  1.000000	
  1.000000	  0.000000	  0.000000	  0.000000	
  0.944444	  0.000000	  0.000000	  0.055556	
  0.000000	  0.166667	  0.000000	  0.833333	
  0.000000	  0.777778	  0.111111	  0.111111	
  0.277778	  0.000000	  0.722222	  0.000000	
  0.777778	  0.000000	  0.055556	  0.166667	
  0.111111	  0.055556	  0.055556	  0.777778	

MOTIF V_PBX1_01 Pbx-1

letter-probability matrix: alength= 4 w= 9 nsites= 16 E= 0
  0.750000	  0.062500	  0.000000	  0.187500	
  0.187500	  0.250000	  0.062500	  0.500000	
  0.062500	  0.562500	  0.125000	  0.250000	
  0.812500	  0.062500	  0.000000	  0.125000	
  0.875000	  0.000000	  0.000000	  0.125000	
  0.125000	  0.000000	  0.000000	  0.875000	
  0.250000	  0.625000	  0.000000	  0.125000	
  0.875000	  0.000000	  0.062500	  0.062500	
  0.625000	  0.000000	  0.000000	  0.375000	

MOTIF V_PAX6_01 Pax-6

letter-probability matrix: alength= 4 w= 21 nsites= 44 E= 0
  0.394737	  0.184211	  0.157895	  0.263158	
  0.488372	  0.209302	  0.069767	  0.232558	
  0.212766	  0.191489	  0.212766	  0.382979	
  0.170213	  0.297872	  0.191489	  0.340426	
  0.063830	  0.042553	  0.085106	  0.808511	
  0.042553	  0.000000	  0.021277	  0.936170	
  0.063830	  0.617021	  0.021277	  0.297872	
  0.851064	  0.106383	  0.021277	  0.021277	
  0.063830	  0.829787	  0.000000	  0.106383	
  0.021277	  0.000000	  0.936170	  0.042553	
  0.021739	  0.782609	  0.152174	  0.043478	
  0.489362	  0.042553	  0.021277	  0.446809	
  0.021277	  0.085106	  0.000000	  0.893617	
  0.045455	  0.295455	  0.590909	  0.068182	
  0.851064	  0.021277	  0.127660	  0.000000	
  0.297872	  0.234043	  0.319149	  0.148936	
  0.043478	  0.086957	  0.065217	  0.804348	
  0.021739	  0.000000	  0.434783	  0.543478	
  0.302326	  0.395349	  0.209302	  0.093023	
  0.437500	  0.250000	  0.125000	  0.187500	
  0.142857	  0.428571	  0.107143	  0.321429	

MOTIF V_PAX2_01 Pax-2

letter-probability matrix: alength= 4 w= 19 nsites= 28 E= 0
  0.259259	  0.370370	  0.148148	  0.222222	
  0.161290	  0.322581	  0.225806	  0.290323	
  0.218750	  0.250000	  0.062500	  0.468750	
  0.250000	  0.312500	  0.187500	  0.250000	
  0.250000	  0.031250	  0.593750	  0.125000	
  0.156250	  0.062500	  0.000000	  0.781250	
  0.031250	  0.625000	  0.093750	  0.250000	
  0.656250	  0.093750	  0.093750	  0.156250	
  0.187500	  0.406250	  0.093750	  0.312500	
  0.093750	  0.093750	  0.625000	  0.187500	
  0.100000	  0.433333	  0.233333	  0.233333	
  0.466667	  0.033333	  0.366667	  0.133333	
  0.133333	  0.166667	  0.100000	  0.600000	
  0.137931	  0.103448	  0.482759	  0.275862	
  0.620690	  0.172414	  0.068966	  0.137931	
  0.120000	  0.320000	  0.200000	  0.360000	
  0.052632	  0.263158	  0.368421	  0.315789	
  0.230769	  0.230769	  0.384615	  0.153846	
  0.300000	  0.300000	  0.200000	  0.200000	

MOTIF V_CDP_02 CDP

letter-probability matrix: alength= 4 w= 15 nsites= 100 E= 0
  0.330000	  0.080000	  0.170000	  0.420000	
  0.460000	  0.110000	  0.100000	  0.330000	
  0.190000	  0.080000	  0.290000	  0.440000	
  1.000000	  0.000000	  0.000000	  0.000000	
  0.000000	  0.000000	  0.000000	  1.000000	
  0.040000	  0.770000	  0.000000	  0.190000	
  0.000000	  0.000000	  1.000000	  0.000000	
  1.000000	  0.000000	  0.000000	  0.000000	
  0.000000	  0.000000	  0.000000	  1.000000	
  0.150000	  0.250000	  0.020000	  0.580000	
  0.900000	  0.020000	  0.060000	  0.020000	
  0.191919	  0.090909	  0.252525	  0.464646	
  0.180000	  0.320000	  0.020000	  0.480000	
  0.310000	  0.080000	  0.210000	  0.400000	
  0.290000	  0.150000	  0.100000	  0.460000	

MOTIF V_CDPCR1_01 CDP_CR1

letter-probability matrix: alength= 4 w= 10 nsites= 31 E= 0
  0.281250	  0.218750	  0.250000	  0.250000	
  0.968750	  0.031250	  0.000000	  0.000000	
  0.062500	  0.093750	  0.031250	  0.812500	
  0.000000	  0.687500	  0.093750	  0.218750	
  0.125000	  0.031250	  0.812500	  0.031250	
  0.937500	  0.031250	  0.000000	  0.031250	
  0.000000	  0.031250	  0.031250	  0.937500	
  0.064516	  0.580645	  0.161290	  0.193548	
  0.033333	  0.166667	  0.733333	  0.066667	
  0.086957	  0.478261	  0.347826	  0.086957	

MOTIF V_CDPCR3_01 CDP_CR3

letter-probability matrix: alength= 4 w= 15 nsites= 24 E= 0
  0.043478	  0.913043	  0.043478	  0.000000	
  0.869565	  0.086957	  0.043478	  0.000000	
  0.043478	  0.869565	  0.086957	  0.000000	
  0.250000	  0.583333	  0.166667	  0.000000	
  0.500000	  0.083333	  0.375000	  0.041667	
  0.875000	  0.000000	  0.125000	  0.000000	
  0.041667	  0.125000	  0.125000	  0.708333	
  0.708333	  0.083333	  0.166667	  0.041667	
  0.208333	  0.291667	  0.166667	  0.333333	
  0.250000	  0.166667	  0.458333	  0.125000	
  0.000000	  0.041667	  0.000000	  0.958333	
  1.000000	  0.000000	  0.000000	  0.000000	
  0.000000	  0.000000	  0.000000	  1.000000	
  0.000000	  0.333333	  0.375000	  0.291667	
  0.000000	  0.000000	  1.000000	  0.000000	

MOTIF V_CDPCR3HD_01 CDP_CR3+HD

letter-probability matrix: alength= 4 w= 10 nsites= 33 E= 0
  0.242424	  0.333333	  0.363636	  0.060606	
  0.848485	  0.000000	  0.121212	  0.030303	
  0.090909	  0.000000	  0.000000	  0.909091	
  0.090909	  0.454545	  0.090909	  0.363636	
  0.000000	  0.090909	  0.909091	  0.000000	
  1.000000	  0.000000	  0.000000	  0.000000	
  0.000000	  0.000000	  0.000000	  1.000000	
  0.000000	  0.545455	  0.303030	  0.151515	
  0.031250	  0.406250	  0.375000	  0.187500	
  0.033333	  0.466667	  0.433333	  0.066667	

MOTIF V_CEBPB_01 C/EBPbeta

letter-probability matrix: alength= 4 w= 14 nsites= 21 E= 0
  0.428571	  0.047619	  0.380952	  0.142857	
  0.238095	  0.142857	  0.333333	  0.285714	
  0.428571	  0.142857	  0.380952	  0.047619	
  0.047619	  0.000000	  0.000000	  0.952381	
  0.047619	  0.000000	  0.333333	  0.619048	
  0.333333	  0.000000	  0.380952	  0.285714	
  0.238095	  0.095238	  0.238095	  0.428571	
  0.000000	  0.000000	  1.000000	  0.000000	
  0.380952	  0.428571	  0.000000	  0.190476	
  0.952381	  0.047619	  0.000000	  0.000000	
  1.000000	  0.000000	  0.000000	  0.000000	
  0.142857	  0.047619	  0.285714	  0.523810	
  0.238095	  0.285714	  0.333333	  0.142857	
  0.142857	  0.142857	  0.285714	  0.428571	

MOTIF V_CREB_02 CREB

letter-probability matrix: alength= 4 w= 12 nsites= 16 E= 0
  0.125000	  0.312500	  0.250000	  0.312500	
  0.062500	  0.187500	  0.375000	  0.375000	
  0.125000	  0.125000	  0.750000	  0.000000	
  0.312500	  0.062500	  0.437500	  0.187500	
  0.000000	  0.000000	  0.000000	  1.000000	
  0.000000	  0.000000	  0.937500	  0.062500	
  1.000000	  0.000000	  0.000000	  0.000000	
  0.000000	  0.937500	  0.062500	  0.000000	
  0.000000	  0.000000	  0.937500	  0.062500	
  0.062500	  0.312500	  0.000000	  0.625000	
  0.250000	  0.437500	  0.187500	  0.125000	
  0.312500	  0.375000	  0.187500	  0.125000	

MOTIF V_TAXCREB_01 Tax/CREB

letter-probability matrix: alength= 4 w= 15 nsites= 17 E= 0
  0.117647	  0.117647	  0.529412	  0.235294	
  0.117647	  0.117647	  0.588235	  0.176471	
  0.000000	  0.117647	  0.823529	  0.058824	
  0.000000	  0.117647	  0.882353	  0.000000	
  0.058824	  0.000000	  0.941176	  0.000000	
  0.058824	  0.117647	  0.235294	  0.588235	
  0.000000	  0.000000	  0.000000	  1.000000	
  0.000000	  0.000000	  0.823529	  0.176471	
  1.000000	  0.000000	  0.000000	  0.000000	
  0.000000	  1.000000	  0.000000	  0.000000	
  0.000000	  0.000000	  1.000000	  0.000000	
  0.058824	  0.411765	  0.117647	  0.411765	
  0.647059	  0.294118	  0.058824	  0.000000	
  0.235294	  0.176471	  0.294118	  0.294118	
  0.529412	  0.117647	  0.176471	  0.176471	

MOTIF V_TAXCREB_02 Tax/CREB

letter-probability matrix: alength= 4 w= 15 nsites= 5 E= 0
  0.600000	  0.000000	  0.400000	  0.000000	
  0.000000	  0.000000	  0.000000	  1.000000	
  0.000000	  0.000000	  1.000000	  0.000000	
  1.000000	  0.000000	  0.000000	  0.000000	
  0.000000	  1.000000	  0.000000	  0.000000	
  0.000000	  0.000000	  1.000000	  0.000000	
  0.000000	  1.000000	  0.000000	  0.000000	
  1.000000	  0.000000	  0.000000	  0.000000	
  0.000000	  0.200000	  0.000000	  0.800000	
  0.800000	  0.200000	  0.000000	  0.000000	
  0.000000	  0.600000	  0.000000	  0.400000	
  0.000000	  1.000000	  0.000000	  0.000000	
  0.000000	  1.000000	  0.000000	  0.000000	
  0.000000	  0.800000	  0.000000	  0.200000	
  0.200000	  0.800000	  0.000000	  0.000000	

MOTIF V_CEBPA_01 C/EBPalpha

letter-probability matrix: alength= 4 w= 14 nsites= 43 E= 0
  0.372093	  0.232558	  0.162791	  0.232558	
  0.209302	  0.232558	  0.255814	  0.302326	
  0.534884	  0.116279	  0.186047	  0.162791	
  0.000000	  0.000000	  0.000000	  1.000000	
  0.000000	  0.000000	  0.023256	  0.976744	
  0.325581	  0.046512	  0.581395	  0.046512	
  0.093023	  0.651163	  0.186047	  0.069767	
  0.302326	  0.255814	  0.186047	  0.255814	
  0.348837	  0.302326	  0.046512	  0.302326	
  0.674419	  0.209302	  0.046512	  0.069767	
  0.697674	  0.139535	  0.116279	  0.046512	
  0.255814	  0.255814	  0.209302	  0.279070	
  0.232558	  0.395349	  0.162791	  0.209302	
  0.372093	  0.186047	  0.162791	  0.279070	

MOTIF V_CEBPB_02 C/EBPbeta

letter-probability matrix: alength= 4 w= 14 nsites= 17 E= 0
  0.352941	  0.117647	  0.235294	  0.294118	
  0.117647	  0.117647	  0.352941	  0.411765	
  0.352941	  0.235294	  0.294118	  0.117647	
  0.000000	  0.000000	  0.058824	  0.941176	
  0.000000	  0.000000	  0.000000	  1.000000	
  0.176471	  0.000000	  0.764706	  0.058824	
  0.058824	  0.823529	  0.117647	  0.000000	
  0.352941	  0.117647	  0.352941	  0.176471	
  0.235294	  0.470588	  0.000000	  0.294118	
  0.705882	  0.235294	  0.058824	  0.000000	
  0.882353	  0.058824	  0.000000	  0.058824	
  0.117647	  0.411765	  0.117647	  0.352941	
  0.176471	  0.235294	  0.117647	  0.470588	
  0.235294	  0.294118	  0.294118	  0.176471	

MOTIF V_MYCMAX_01 c-Myc:Max

letter-probability matrix: alength= 4 w= 14 nsites= 100 E= 0
  0.250000	  0.310000	  0.130000	  0.310000	
  0.280000	  0.070000	  0.470000	  0.180000	
  0.700000	  0.030000	  0.210000	  0.060000	
  0.100000	  0.690000	  0.190000	  0.020000	
  0.000000	  1.000000	  0.000000	  0.000000	
  1.000000	  0.000000	  0.000000	  0.000000	
  0.000000	  1.000000	  0.000000	  0.000000	
  0.000000	  0.000000	  1.000000	  0.000000	
  0.000000	  0.000000	  0.000000	  1.000000	
  0.000000	  0.000000	  1.000000	  0.000000	
  0.020000	  0.190000	  0.690000	  0.100000	
  0.060000	  0.210000	  0.030000	  0.700000	
  0.180000	  0.470000	  0.070000	  0.280000	
  0.310000	  0.130000	  0.310000	  0.250000	

MOTIF V_MAX_01 Max

letter-probability matrix: alength= 4 w= 14 nsites= 100 E= 0
  0.380000	  0.160000	  0.260000	  0.200000	
  0.420000	  0.100000	  0.330000	  0.150000	
  0.620000	  0.030000	  0.300000	  0.050000	
  0.300000	  0.320000	  0.150000	  0.230000	
  0.000000	  1.000000	  0.000000	  0.000000	
  1.000000	  0.000000	  0.000000	  0.000000	
  0.000000	  1.000000	  0.000000	  0.000000	
  0.000000	  0.000000	  1.000000	  0.000000	
  0.000000	  0.000000	  0.000000	  1.000000	
  0.000000	  0.000000	  1.000000	  0.000000	
  0.230000	  0.150000	  0.320000	  0.300000	
  0.050000	  0.300000	  0.030000	  0.620000	
  0.150000	  0.330000	  0.100000	  0.420000	
  0.200000	  0.260000	  0.160000	  0.380000	

MOTIF V_USF_01 USF

letter-probability matrix: alength= 4 w= 14 nsites= 48 E= 0
  0.361111	  0.194444	  0.305556	  0.138889	
  0.175000	  0.150000	  0.425000	  0.250000	
  0.452381	  0.071429	  0.404762	  0.071429	
  0.130435	  0.347826	  0.086957	  0.434783	
  0.000000	  1.000000	  0.000000	  0.000000	
  0.965517	  0.017241	  0.017241	  0.000000	
  0.000000	  0.948276	  0.000000	  0.051724	
  0.051724	  0.000000	  0.948276	  0.000000	
  0.000000	  0.017241	  0.017241	  0.965517	
  0.000000	  0.000000	  1.000000	  0.000000	
  0.434783	  0.086957	  0.347826	  0.130435	
  0.071429	  0.404762	  0.071429	  0.452381	
  0.250000	  0.425000	  0.150000	  0.175000	
  0.138889	  0.305556	  0.194444	  0.361111	

MOTIF V_USF_02 USF

letter-probability matrix: alength= 4 w= 14 nsites= 66 E= 0
  0.354167	  0.145833	  0.187500	  0.312500	
  0.296296	  0.129630	  0.277778	  0.296296	
  0.465517	  0.120690	  0.379310	  0.034483	
  0.223881	  0.253731	  0.149254	  0.373134	
  0.000000	  0.986667	  0.013333	  0.000000	
  0.884615	  0.025641	  0.038462	  0.051282	
  0.012346	  0.641975	  0.160494	  0.185185	
  0.185185	  0.160494	  0.641975	  0.012346	
  0.051282	  0.038462	  0.025641	  0.884615	
  0.000000	  0.013333	  0.986667	  0.000000	
  0.373134	  0.149254	  0.253731	  0.223881	
  0.034483	  0.379310	  0.120690	  0.465517	
  0.296296	  0.277778	  0.129630	  0.296296	
